1 6 12 18 20 37 
1 6 12 18 26 37 
1 6 12 18 32 37 
1 6 12 18 37 40 
1 6 12 20 26 37 
1 6 12 20 32 37 
1 6 12 20 37 40 
1 6 12 26 32 37 
1 6 12 26 37 40 
1 6 12 32 37 40 
1 6 18 20 26 37 
1 6 18 20 32 37 
1 6 18 20 37 40 
1 6 18 26 32 37 
1 6 18 26 37 40 
1 6 18 32 37 40 
1 6 20 26 32 37 
1 6 20 26 37 40 
1 6 20 32 37 40 
1 6 26 32 37 40 
1 7 12 18 20 26 
1 7 12 18 20 32 
1 7 12 18 20 37 
1 7 12 18 20 40 
1 7 12 18 26 32 
1 7 12 18 26 37 
1 7 12 18 26 40 
1 7 12 18 32 37 
1 7 12 18 32 40 
1 7 12 18 37 40 
1 7 12 20 26 32 
1 7 12 20 26 37 
1 7 12 20 26 40 
1 7 12 20 32 37 
1 7 12 20 32 40 
1 7 12 20 37 40 
1 7 12 26 32 37 
1 7 12 26 32 40 
1 7 12 26 37 40 
1 7 12 32 37 40 
1 7 18 20 26 32 
1 7 18 20 26 37 
1 7 18 20 26 40 
1 7 18 20 32 37 
1 7 18 20 32 40 
1 7 18 20 37 40 
1 7 18 26 32 37 
1 7 18 26 32 40 
1 7 18 26 37 40 
1 7 18 32 37 40 
1 7 20 26 32 37 
1 7 20 26 32 40 
1 7 20 26 37 40 
1 7 20 32 37 40 
1 7 26 32 37 40 
1 12 18 20 26 37 
1 12 18 20 32 37 
1 12 18 20 37 40 
1 12 18 26 32 37 
1 12 18 26 37 40 
1 12 18 32 37 40 
1 12 20 26 32 37 
1 12 20 26 37 40 
1 12 20 32 37 40 
1 12 26 32 37 40 
1 18 20 26 32 37 
1 18 20 26 37 40 
1 18 20 32 37 40 
1 18 26 32 37 40 
1 20 26 32 37 40 
7 12 18 20 26 37 
7 12 18 20 32 37 
7 12 18 20 37 40 
7 12 18 26 32 37 
7 12 18 26 37 40 
7 12 18 32 37 40 
7 12 20 26 32 37 
7 12 20 26 37 40 
7 12 20 32 37 40 
7 12 26 32 37 40 
7 18 20 26 32 37 
7 18 20 26 37 40 
7 18 20 32 37 40 
7 18 26 32 37 40 
7 20 26 32 37 40 
